1.39012272829 1.3143148222 1.2807164157 1.24460831775 1.23910516976 1.23367100268 1.14585356417 1.1021763951 1.09443845976 1.08292814553 1.05327216359 1.04332113521 1.02679639186 1.01084790302 0.991845741733 0.990044220424 0.978504603422 0.96767095982 0.961185767696 0.95428013558 
0.905940829724 0.90343006889 0.784570601681 0.780261308846 0.726844288638 0.7177278798 0.715347061994 0.705466985193 0.69874671766 0.696243168895 0.692509350627 0.686325180092 0.674482449361 0.673690277293 0.672808099304 0.667700695968 0.666707794482 0.664824979738 0.660434148771 0.656842516442 
1.28689962634 1.08814064456 1.06352195592 1.04753084554 1.01077360921 1.00728312448 0.990179464217 0.986429096947 0.983899930004 0.983602909627 0.973149645801 0.960835726245 0.95579327707 0.953859345467 0.926730334391 0.919520312472 0.912558668292 0.908082681055 0.906033193916 0.904377900667 
0.820644038081 0.806551445643 0.804064934224 0.777596737403 0.756267939163 0.741509237172 0.722373543529 0.721631851755 0.71592747253 0.710136935403 0.708728917344 0.704144198294 0.703604536496 0.699993021918 0.698128274521 0.697193266547 0.695825768862 0.693850221594 0.682845572659 0.66546843287 
1.25701412277 1.24961741895 1.22855225303 1.22525130231 1.21016125354 1.20420256509 1.18588886979 1.18039988722 1.17760349261 1.17624952134 1.16271394835 1.15360458461 1.11441612681 1.10394564753 1.0941008889 1.09256160287 1.08838064332 1.08804769511 1.08025343552 1.07261756156 
1.06115062216 1.00066137369 0.912678893371 0.846833251972 0.826083711837 0.815453871945 0.810942495046 0.805582351194 0.795586276424 0.788882062396 0.783737140273 0.765566867297 0.75101444351 0.746549159568 0.739828484366 0.738786287657 0.734839927527 0.726170184937 0.72595974953 0.720784489289 
1.00726096639 0.963385063936 0.935171125721 0.921859402743 0.907723466776 0.85872222822 0.856523012386 0.843796965696 0.838194960235 0.825433796187 0.817926298163 0.817604464004 0.813044809392 0.81268265544 0.798737870446 0.795434207705 0.783880688913 0.779871418032 0.779612972457 0.778631105911 
1.20400528217 1.17682361707 1.14771002801 1.14299630599 1.14115594348 1.12682608891 1.11640694637 1.1093746416 1.10240529376 1.07966288565 1.07849699444 1.07051309133 1.06936830778 1.05810497253 1.02980696795 1.02301366668 1.02049566468 1.01408689596 0.994390975039 0.989662518546 
1.74476117482 1.45132872839 1.39088833114 1.35677417168 1.32648850363 1.31429790549 1.28273966786 1.24700329269 1.23529227979 1.1696922901 1.13969399595 1.13719065357 1.13004479251 1.12123261171 1.11437587132 1.09921292093 1.08544939261 1.08434694464 1.07720908398 1.06517559463 
1.95762107695 1.9353067243 1.6995225795 1.65441803917 1.64064513271 1.60526502322 1.55925468063 1.54322817237 1.52873596771 1.51143357356 1.50842431518 1.49294651054 1.44715050807 1.44678373311 1.44388911124 1.42961268771 1.41447642466 1.37650701235 1.31196636894 1.30591126619 
0.796685717571 0.766608284224 0.745806291104 0.735928331401 0.728900988057 0.708438410016 0.706228803319 0.683895666305 0.673090108849 0.664179027854 0.663986429695 0.661166369813 0.637021302203 0.632966420308 0.632365518599 0.631125405228 0.620951584684 0.602762754062 0.59812719231 0.592319846775 
1.64409015896 1.44511297209 1.41499271268 1.31529780736 1.2565947236 1.14404339651 1.14024417743 1.13226130919 1.12475877062 1.11599678191 1.08090577309 1.07768356262 1.0734919829 1.05963045162 1.02141284909 1.01796735253 1.00358691488 1.00069388813 0.998515176752 0.998211289234 
1.66057282979 1.65556424916 1.59382771295 1.49223628508 1.42869958857 1.40754206956 1.35536170474 1.352876212 1.32436163017 1.29237133085 1.28670175262 1.25876341115 1.25265724286 1.2505490593 1.24495534605 1.24043480706 1.23218975366 1.18569315166 1.15341329626 1.1513614411 
1.8627096089 1.68467013942 1.67085699459 1.66528174749 1.66065907817 1.60126617149 1.54969722456 1.54461251247 1.52207857983 1.52202187488 1.3909056881 1.38738749505 1.38411039675 1.34901431921 1.34116040117 1.32617188075 1.32456043836 1.32056824367 1.31253664339 1.29221787758 
1.31999540372 1.1887100762 1.13437741011 1.10858956632 1.08063603412 1.0791853488 1.07100994549 1.05004285984 1.01257666945 1.01076982268 0.988514869498 0.986137260108 0.984616799286 0.984191029008 0.973449357118 0.967299234912 0.965130719866 0.963784951977 0.93739096154 0.935827507463 
1.07358826771 1.01982709555 1.0107508189 0.941027448618 0.922829390763 0.906537990641 0.902110686389 0.892667123008 0.868203423918 0.851636774154 0.851629195506 0.831998884565 0.831319862399 0.797343357097 0.79337512588 0.790328593001 0.776793193968 0.76437993329 0.753512158518 0.742304111588 
1.7499599158 1.7138378602 1.62933679577 1.44066260087 1.42570417493 1.35757130864 1.31570931811 1.31009876933 1.307987045 1.26285597608 1.23197936712 1.23071222179 1.22798421624 1.22371256579 1.22320031096 1.16091727921 1.13035227309 1.1214515969 1.11196681566 1.09746204073 
1.34844516613 1.29830354021 1.25711244245 1.24300659761 1.24278960759 1.23393577337 1.21912967658 1.20803466449 1.19346052473 1.19015259364 1.16443790436 1.16330858091 1.16319338637 1.15492735335 1.15251300117 1.12902751946 1.12625305016 1.09031520398 1.07800409137 1.07619211149 
1.25706544543 1.24436735124 1.23378151007 1.20418512292 1.2010092444 1.18395248724 1.09577783903 1.08743499863 1.08523565618 1.0128058605 0.985582946986 0.985363201741 0.948476733596 0.942485993766 0.911669008544 0.895354295811 0.862853683191 0.857809735949 0.841846090385 0.839893720642
1.17284341792 1.14825256145 1.14675849104 1.1153662836 1.07728702604 1.02668876448 1.00162246092 0.999973599174 0.990318179466 0.984320804323 0.977724615153 0.972152566499 0.957553278632 0.957257397016 0.952115471538 0.950648482208 0.948497984212 0.942838316743 0.928029996671 0.917280541328 
1.81810016503 1.68490250172 1.62720880188 1.6156034441 1.61487440529 1.5881040742 1.58802170865 1.5830743138 1.58105467412 1.58032312991 1.5318927899 1.5313917299 1.51594375469 1.47553661079 1.46683071303 1.46579069707 1.45448060445 1.44674649753 1.44349079523 1.43035678872
1.00888604596 1.00220693993 0.983350020897 0.952027260559 0.932936354185 0.917841006329 0.913702649312 0.871606874998 0.857796758858 0.839982059527 0.811670435516 0.810249717202 0.808542171295 0.803597671369 0.801235368027 0.783207751456 0.779603927342 0.778669992051 0.778428014672 0.775860760125 
1.17998702887 1.15812602315 1.1465074384 1.13976969959 1.1067753749 1.08521324628 1.06352139919 1.04412330251 1.02220500915 1.01629512535 1.01414638484 1.01065137457 1.00512563865 1.00503219848 0.977798180972 0.969620408515 0.95718193655 0.953740987344 0.952095895839 0.947225989733 
1.97983135085 1.89273108671 1.88714054414 1.8251991636 1.7642008018 1.71439252114 1.7064523531 1.6669111508 1.61605124322 1.56561020384 1.54230179815 1.53970225504 1.52660656963 1.52200482696 1.51386099379 1.49919229299 1.49739655264 1.4794372403 1.4735901554 1.47346566757 
1.27822943047 1.09887946647 1.09839507066 1.07768904149 1.0692781812 1.05668584314 1.05661185224 1.04147749302 1.02889186459 1.02725146236 1.0253194486 0.994201397401 0.988170500411 0.986185834966 0.984650621498 0.977137443293 0.974244348354 0.97138683083 0.961484612014 0.961451709791 
2.05649869747 1.95436456429 1.79890696093 1.76414415055 1.75987458528 1.75760992472 1.74743414198 1.73093255575 1.70969628947 1.69732720798 1.69041193341 1.68995006695 1.67516271328 1.66510213449 1.6548423373 1.62664257054 1.60698385547 1.59758014918 1.58221557962 1.56189509738 
1.91270336093 1.85281508331 1.8285023516 1.81911296203 1.71958064057 1.66628527611 1.63099988184 1.62198635693 1.58818260544 1.57623934923 1.53905421374 1.53377613706 1.52999089274 1.52970355631 1.4986142557 1.48307137966 1.48276796105 1.46293313414 1.438069452 1.42547346878 
1.14427103036 1.10749711299 1.10713716718 1.06313246736 1.01858512047 1.01170066046 0.997372826273 0.985225173975 0.956005914759 0.952720306582 0.913014619299 0.907959659644 0.904977742215 0.896116957727 0.895390777325 0.894006025843 0.891904251574 0.883065628814 0.880869884563 0.875619918323 
1.15459454473 1.06217370986 0.943575312199 0.935436464678 0.93183100075 0.928358722794 0.924499684346 0.90496134005 0.901005841375 0.882987301911 0.855877963625 0.848780053435 0.833062719507 0.805588607472 0.804300761842 0.79071946142 0.782931055913 0.771237593265 0.769446111432 0.766273424663 
1.85444181118 1.5828807917 1.53029378431 1.51995383161 1.4935068515 1.48442353465 1.43953527172 1.40123516603 1.39087787365 1.38897609388 1.35212437818 1.32073066492 1.30476706648 1.29692775843 1.29303505339 1.28497874359 1.28363120339 1.28211924419 1.2759278777 1.27581983164 
1.53013232246 1.44845569091 1.43189463765 1.42242816653 1.40695102356 1.40442040128 1.36230484538 1.34638734285 1.3312144062 1.31845057933 1.31563690145 1.29013035033 1.22932168434 1.22189752917 1.21387900142 1.20687851889 1.19713404928 1.18859071792 1.18859071792 1.18859071792 
1.42102216915 1.40838614307 1.36359923355 1.3283152676 1.31775844972 1.30588253249 1.30348105373 1.21992126102 1.19254339919 1.1785115865 1.16360667883 1.13979826554 1.12594602954 1.10643245724 1.10326173988 1.08299101402 1.08086454009 1.07748719114 1.06524245995 1.05816918989 
1.48050393165 1.4632307977 1.45037556976 1.4296559458 1.39913106746 1.388787846 1.37018231679 1.36568983909 1.36452304279 1.36401851968 1.34009746741 1.3177847223 1.31014212828 1.27999193429 1.26838418088 1.26610096985 1.26090008981 1.25386302266 1.25244195257 1.24536126711 
1.0465287174 1.01615466501 0.999302828927 0.977258534026 0.972571476614 0.970522603863 0.962196914434 0.961930778356 0.955729624382 0.951951480418 0.940945505211 0.929111077515 0.922237035238 0.916708985678 0.890904532603 0.878984598547 0.878412277162 0.877067074102 0.874842287123 0.867755447862 
1.61175074407 1.6061579216 1.58074427305 1.57794878567 1.55268138307 1.50593738681 1.48779707568 1.47668613547 1.43395946165 1.41645663033 1.40635179223 1.40497715971 1.37232159744 1.37131520688 1.36867451766 1.35401485704 1.33685409332 1.32993412391 1.31119806979 1.2765931999 
1.09526660025 1.05190939945 1.03424299442 1.03291019924 1.02691175508 1.01117907126 0.98420876202 0.9610487305 0.947105759364 0.918997132986 0.917362351784 0.906616753985 0.852721447562 0.846894010802 0.842575098777 0.816747665884 0.816069116599 0.801850692853 0.789382196311 0.782001773633 
1.71715560236 1.61684865699 1.38915705862 1.37658735237 1.34378107794 1.32410710322 1.29793738988 1.27929675394 1.25578613945 1.24555823693 1.22308319316 1.19467347911 1.18435674312 1.14279905808 1.13616950841 1.13251392595 1.13012030227 1.11892121127 1.11643876999 1.11643876999
1.98247050662 1.57239417417 1.56812652001 1.5433440726 1.53662627854 1.50886034396 1.48816820073 1.46920979506 1.43264751238 1.42047879291 1.38789141279 1.38247756071 1.35528905186 1.33774674791 1.32944525382 1.32268057271 1.30305578216 1.29348765182 1.27397064575 1.24914815351 